% This is a graph.

n 20 300 0
n 200 300 1
n 200 200 2
n 200 400 3
n 380 300 4
n 380 200 5
n 380 400 6
n 380 100 7
n 380 500 8
n 560 300 9
n 560 200 10
n 560 400 11
n 560 100 12

e 7 5 0 1
e 7 12 1 1
e 7 10 2 1
e 6 3 3 0
e 6 9 4 0
e 6 1 5 2
e 4 10 6 0
e 4 1 7 2
e 1 6 8 0
e 1 0 9 4
e 1 4 10 0
e 1 5 11 2
e 5 7 12 0
e 5 10 13 0
e 5 1 14 0
e 5 2 15 2
e 2 5 16 0
e 2 0 17 2
e 0 1 18 0
e 0 2 19 0
e 0 3 20 1
e 12 7 21 1
e 12 10 22 6
e 10 7 23 0
e 10 5 24 1
e 10 4 25 2
e 10 12 26 0
e 10 9 27 3
e 9 6 28 2
e 9 10 29 1
e 9 11 30 1
e 11 9 31 1
e 11 8 32 1
e 8 11 33 1
e 8 3 34 1
e 3 6 35 2
e 3 8 36 1
e 3 0 37 1

% End of graph
